 32
Texas Instruments
LMK01000
None
www.national.com
No_Description
0
100
1
ANALOG
-1
0.000001
1000
17
2
0
-1
-1000
-1000
0
-1000
-154.2
150
-1000
-153.2
300
-1000
-152.4
450
-1000
-151.8
600
-1000
-151
750
-1000
-150.5
900
-1000
-150
1050
-1000
-149.6
1200
-1000
-149.2
1350
-1000
-148.8
1500
-1000
-148.5
1650
-1000
-148.3
1800
-1000
-147.9
1950
-1000
-147.5
2100
-1000
-147.4
2250
-1000
-147.1
Texas Instruments
LMK02000
None
www.national.com
No_Description
0
100
1
ANALOG
-1
0.000001
1000
17
2
0
-1
-1000
-1000
0
-1000
-154.2
150
-1000
-153.2
300
-1000
-152.4
450
-1000
-151.8
600
-1000
-151
750
-1000
-150.5
900
-1000
-150
1050
-1000
-149.6
1200
-1000
-149.2
1350
-1000
-148.8
1500
-1000
-148.5
1650
-1000
-148.3
1800
-1000
-147.9
1950
-1000
-147.5
2100
-1000
-147.4
2250
-1000
-147.1
Texas Instruments
LMK02002
None
www.national.com
No_Description
0
100
1
ANALOG
-1
0.000001
1000
17
2
0
-1
-1000
-1000
0
-1000
-154.2
150
-1000
-153.2
300
-1000
-152.4
450
-1000
-151.8
600
-1000
-151
750
-1000
-150.5
900
-1000
-150
1050
-1000
-149.6
1200
-1000
-149.2
1350
-1000
-148.8
1500
-1000
-148.5
1650
-1000
-148.3
1800
-1000
-147.9
1950
-1000
-147.5
2100
-1000
-147.4
2250
-1000
-147.1
Texas Instruments
LMK03000C
None
www.national.com
No_Description
0
100
1
ANALOG
-1
0.000001
1000
17
2
0
-1
-1000
-1000
0
-1000
-154.2
150
-1000
-153.2
300
-1000
-152.4
450
-1000
-151.8
600
-1000
-151
750
-1000
-150.5
900
-1000
-150
1050
-1000
-149.6
1200
-1000
-149.2
1350
-1000
-148.8
1500
-1000
-148.5
1650
-1000
-148.3
1800
-1000
-147.9
1950
-1000
-147.5
2100
-1000
-147.4
2250
-1000
-147.1
Texas Instruments
LMK03001C
None
www.national.com
No_Description
0
100
1
ANALOG
-1
0.000001
1000
17
2
0
-1
-1000
-1000
0
-1000
-154.2
150
-1000
-153.2
300
-1000
-152.4
450
-1000
-151.8
600
-1000
-151
750
-1000
-150.5
900
-1000
-150
1050
-1000
-149.6
1200
-1000
-149.2
1350
-1000
-148.8
1500
-1000
-148.5
1650
-1000
-148.3
1800
-1000
-147.9
1950
-1000
-147.5
2100
-1000
-147.4
2250
-1000
-147.1
Texas Instruments
LMK03002C
None
www.national.com
No_Description
0
100
1
ANALOG
-1
0.000001
862
17
2
0
-1
-1000
-1000
0
-1000
-154.2
150
-1000
-153.2
300
-1000
-152.4
450
-1000
-151.8
600
-1000
-151
750
-1000
-150.5
900
-1000
-150
1050
-1000
-149.6
1200
-1000
-149.2
1350
-1000
-148.8
1500
-1000
-148.5
1650
-1000
-148.3
1800
-1000
-147.9
1950
-1000
-147.5
2100
-1000
-147.4
2250
-1000
-147.1
Texas Instruments
LMK03033C
None
www.national.com
No_Description
0
100
1
ANALOG
-1
0.000001
1080
17
2
0
-1
-1000
-1000
0
-1000
-154.2
150
-1000
-153.2
300
-1000
-152.4
450
-1000
-151.8
600
-1000
-151
750
-1000
-150.5
900
-1000
-150
1050
-1000
-149.6
1200
-1000
-149.2
1350
-1000
-148.8
1500
-1000
-148.5
1650
-1000
-148.3
1800
-1000
-147.9
1950
-1000
-147.5
2100
-1000
-147.4
2250
-1000
-147.1
Texas Instruments
LMK03000
None
www.national.com
No_Description
0
100
1
ANALOG
-1
0.000001
1000
17
2
0
-1
-1000
-1000
0
-1000
-154.2
150
-1000
-153.2
300
-1000
-152.4
450
-1000
-151.8
600
-1000
-151
750
-1000
-150.5
900
-1000
-150
1050
-1000
-149.6
1200
-1000
-149.2
1350
-1000
-148.8
1500
-1000
-148.5
1650
-1000
-148.3
1800
-1000
-147.9
1950
-1000
-147.5
2100
-1000
-147.4
2250
-1000
-147.1
Texas Instruments
LMK03200
None
www.national.com
No_Description
0
100
1
ANALOG
-1
0.000001
1000
17
2
0
-1
-1000
-1000
0
-1000
-154.2
150
-1000
-153.2
300
-1000
-152.4
450
-1000
-151.8
600
-1000
-151
750
-1000
-150.5
900
-1000
-150
1050
-1000
-149.6
1200
-1000
-149.2
1350
-1000
-148.8
1500
-1000
-148.5
1650
-1000
-148.3
1800
-1000
-147.9
1950
-1000
-147.5
2100
-1000
-147.4
2250
-1000
-147.1
Texas Instruments
LMK03001
None
www.national.com
No_Description
0
100
1
ANALOG
-1
0.000001
1000
17
2
0
-1
-1000
-1000
0
-1000
-154.2
150
-1000
-153.2
300
-1000
-152.4
450
-1000
-151.8
600
-1000
-151
750
-1000
-150.5
900
-1000
-150
1050
-1000
-149.6
1200
-1000
-149.2
1350
-1000
-148.8
1500
-1000
-148.5
1650
-1000
-148.3
1800
-1000
-147.9
1950
-1000
-147.5
2100
-1000
-147.4
2250
-1000
-147.1
Texas Instruments
LMK03002
None
www.national.com
No_Description
0
100
1
ANALOG
-1
0.000001
862
17
2
0
-1
-1000
-1000
0
-1000
-154.2
150
-1000
-153.2
300
-1000
-152.4
450
-1000
-151.8
600
-1000
-151
750
-1000
-150.5
900
-1000
-150
1050
-1000
-149.6
1200
-1000
-149.2
1350
-1000
-148.8
1500
-1000
-148.5
1650
-1000
-148.3
1800
-1000
-147.9
1950
-1000
-147.5
2100
-1000
-147.4
2250
-1000
-147.1
Texas Instruments
LMK03033
None
www.national.com
No_Description
0
100
1
ANALOG
-1
0.000001
1080
17
2
0
-1
-1000
-1000
0
-1000
-154.2
150
-1000
-153.2
300
-1000
-152.4
450
-1000
-151.8
600
-1000
-151
750
-1000
-150.5
900
-1000
-150
1050
-1000
-149.6
1200
-1000
-149.2
1350
-1000
-148.8
1500
-1000
-148.5
1650
-1000
-148.3
1800
-1000
-147.9
1950
-1000
-147.5
2100
-1000
-147.4
2250
-1000
-147.1
Texas Instruments
LMK03000D
None
www.national.com
No_Description
0
100
1
ANALOG
-1
0.000001
1000
17
2
0
-1
-1000
-1000
0
-1000
-154.2
150
-1000
-153.2
300
-1000
-152.4
450
-1000
-151.8
600
-1000
-151
750
-1000
-150.5
900
-1000
-150
1050
-1000
-149.6
1200
-1000
-149.2
1350
-1000
-148.8
1500
-1000
-148.5
1650
-1000
-148.3
1800
-1000
-147.9
1950
-1000
-147.5
2100
-1000
-147.4
2250
-1000
-147.1
Texas Instruments
LMK03001D
None
www.national.com
No_Description
0
100
1
ANALOG
-1
0.000001
1000
17
2
0
-1
-1000
-1000
0
-1000
-154.2
150
-1000
-153.2
300
-1000
-152.4
450
-1000
-151.8
600
-1000
-151
750
-1000
-150.5
900
-1000
-150
1050
-1000
-149.6
1200
-1000
-149.2
1350
-1000
-148.8
1500
-1000
-148.5
1650
-1000
-148.3
1800
-1000
-147.9
1950
-1000
-147.5
2100
-1000
-147.4
2250
-1000
-147.1
Texas Instruments
LMK04000B
None
www.national.com
No_Description
0
100
1
ANALOG
-1
0.000001
800
17
2
0
-1
-1000
-1000
0
-1000
-154.2
150
-1000
-153.2
300
-1000
-152.4
450
-1000
-151.8
600
-1000
-151
750
-1000
-150.5
900
-1000
-150
1050
-1000
-149.6
1200
-1000
-149.2
1350
-1000
-148.8
1500
-1000
-148.5
1650
-1000
-148.3
1800
-1000
-147.9
1950
-1000
-147.5
2100
-1000
-147.4
2250
-1000
-147.1
Texas Instruments
LMK04001B
None
www.national.com
No_Description
0
100
1
ANALOG
-1
0.000001
800
17
2
0
-1
-1000
-1000
0
-1000
-154.2
150
-1000
-153.2
300
-1000
-152.4
450
-1000
-151.8
600
-1000
-151
750
-1000
-150.5
900
-1000
-150
1050
-1000
-149.6
1200
-1000
-149.2
1350
-1000
-148.8
1500
-1000
-148.5
1650
-1000
-148.3
1800
-1000
-147.9
1950
-1000
-147.5
2100
-1000
-147.4
2250
-1000
-147.1
Texas Instruments
LMK04002B
None
www.national.com
No_Description
0
100
1
ANALOG
-1
0.000001
862
17
2
0
-1
-1000
-1000
0
-1000
-154.2
150
-1000
-153.2
300
-1000
-152.4
450
-1000
-151.8
600
-1000
-151
750
-1000
-150.5
900
-1000
-150
1050
-1000
-149.6
1200
-1000
-149.2
1350
-1000
-148.8
1500
-1000
-148.5
1650
-1000
-148.3
1800
-1000
-147.9
1950
-1000
-147.5
2100
-1000
-147.4
2250
-1000
-147.1
Texas Instruments
LMK04010B
None
www.national.com
No_Description
0
100
1
ANALOG
-1
0.000001
800
17
2
0
-1
-1000
-1000
0
-1000
-154.2
150
-1000
-153.2
300
-1000
-152.4
450
-1000
-151.8
600
-1000
-151
750
-1000
-150.5
900
-1000
-150
1050
-1000
-149.6
1200
-1000
-149.2
1350
-1000
-148.8
1500
-1000
-148.5
1650
-1000
-148.3
1800
-1000
-147.9
1950
-1000
-147.5
2100
-1000
-147.4
2250
-1000
-147.1
Texas Instruments
LMK04011B
None
www.national.com
No_Description
0
100
1
ANALOG
-1
0.000001
800
17
2
0
-1
-1000
-1000
0
-1000
-154.2
150
-1000
-153.2
300
-1000
-152.4
450
-1000
-151.8
600
-1000
-151
750
-1000
-150.5
900
-1000
-150
1050
-1000
-149.6
1200
-1000
-149.2
1350
-1000
-148.8
1500
-1000
-148.5
1650
-1000
-148.3
1800
-1000
-147.9
1950
-1000
-147.5
2100
-1000
-147.4
2250
-1000
-147.1
Texas Instruments
LMK04031B
None
www.national.com
No_Description
0
100
1
ANALOG
-1
0.000001
800
17
2
0
-1
-1000
-1000
0
-1000
-154.2
150
-1000
-153.2
300
-1000
-152.4
450
-1000
-151.8
600
-1000
-151
750
-1000
-150.5
900
-1000
-150
1050
-1000
-149.6
1200
-1000
-149.2
1350
-1000
-148.8
1500
-1000
-148.5
1650
-1000
-148.3
1800
-1000
-147.9
1950
-1000
-147.5
2100
-1000
-147.4
2250
-1000
-147.1
Texas Instruments
LMK04033B
None
www.national.com
No_Description
0
100
1
ANALOG
-1
0.000001
1080
17
2
0
-1
-1000
-1000
0
-1000
-154.2
150
-1000
-153.2
300
-1000
-152.4
450
-1000
-151.8
600
-1000
-151
750
-1000
-150.5
900
-1000
-150
1050
-1000
-149.6
1200
-1000
-149.2
1350
-1000
-148.8
1500
-1000
-148.5
1650
-1000
-148.3
1800
-1000
-147.9
1950
-1000
-147.5
2100
-1000
-147.4
2250
-1000
-147.1
Texas Instruments
LMK04803B
None
www.national.com
No_Description
0
100
1
ANALOG
-1
0.000001
2030
25
2
0
-1
-1000
-1000
500
-1000
-154.8
525
-1000
-154.6
550
-1000
-154.5
575
-1000
-154.3
600
-1000
-154.2
625
-1000
-154
650
-1000
-153.8
675
-1000
-153.7
700
-1000
-153.5
725
-1000
-153.3
750
-1000
-153.2
775
-1000
-153
800
-1000
-152.8
825
-1000
-152.7
850
-1000
-152.5
875
-1000
-152.4
900
-1000
-152.2
925
-1000
-152
950
-1000
-151.9
975
-1000
-151.7
1000
-1000
-151.5
1025
-1000
-141.4
1050
-1000
-151.2
1075
-1000
-151
Texas Instruments
LMK04805B
None
www.national.com
No_Description
0
100
1
ANALOG
-1
0.000001
2370
25
2
0
-1
-1000
-1000
500
-1000
-154.8
525
-1000
-154.6
550
-1000
-154.5
575
-1000
-154.3
600
-1000
-154.2
625
-1000
-154
650
-1000
-153.8
675
-1000
-153.7
700
-1000
-153.5
725
-1000
-153.3
750
-1000
-153.2
775
-1000
-153
800
-1000
-152.8
825
-1000
-152.7
850
-1000
-152.5
875
-1000
-152.4
900
-1000
-152.2
925
-1000
-152
950
-1000
-151.9
975
-1000
-151.7
1000
-1000
-151.5
1025
-1000
-141.4
1050
-1000
-151.2
1075
-1000
-151
Texas Instruments
LMK04806B
None
www.national.com
No_Description
0
100
1
ANALOG
-1
0.000001
2600
25
2
0
-1
-1000
-1000
500
-1000
-154.8
525
-1000
-154.6
550
-1000
-154.5
575
-1000
-154.3
600
-1000
-154.2
625
-1000
-154
650
-1000
-153.8
675
-1000
-153.7
700
-1000
-153.5
725
-1000
-153.3
750
-1000
-153.2
775
-1000
-153
800
-1000
-152.8
825
-1000
-152.7
850
-1000
-152.5
875
-1000
-152.4
900
-1000
-152.2
925
-1000
-152
950
-1000
-151.9
975
-1000
-151.7
1000
-1000
-151.5
1025
-1000
-141.4
1050
-1000
-151.2
1075
-1000
-151
Texas Instruments
LMK04808B
None
www.national.com
No_Description
0
100
1
ANALOG
-1
0.000001
3072
25
2
0
-1
-1000
-1000
500
-1000
-154.8
525
-1000
-154.6
550
-1000
-154.5
575
-1000
-154.3
600
-1000
-154.2
625
-1000
-154
650
-1000
-153.8
675
-1000
-153.7
700
-1000
-153.5
725
-1000
-153.3
750
-1000
-153.2
775
-1000
-153
800
-1000
-152.8
825
-1000
-152.7
850
-1000
-152.5
875
-1000
-152.4
900
-1000
-152.2
925
-1000
-152
950
-1000
-151.9
975
-1000
-151.7
1000
-1000
-151.5
1025
-1000
-141.4
1050
-1000
-151.2
1075
-1000
-151
Texas Instruments
LMK04826B_VCO0
None
www.national.com
No_Description
0
100
1
ANALOG
-1
0.000001
2600
25
2
0
-1
-1000
-1000
500
-1000
-154.8
525
-1000
-154.6
550
-1000
-154.5
575
-1000
-154.3
600
-1000
-154.2
625
-1000
-154
650
-1000
-153.8
675
-1000
-153.7
700
-1000
-153.5
725
-1000
-153.3
750
-1000
-153.2
775
-1000
-153
800
-1000
-152.8
825
-1000
-152.7
850
-1000
-152.5
875
-1000
-152.4
900
-1000
-152.2
925
-1000
-152
950
-1000
-151.9
975
-1000
-151.7
1000
-1000
-151.5
1025
-1000
-141.4
1050
-1000
-151.2
1075
-1000
-151
Texas Instruments
LMK04826B_VCO1
None
www.national.com
No_Description
0
100
1
ANALOG
-1
0.000001
2600
25
2
0
-1
-1000
-1000
500
-1000
-154.8
525
-1000
-154.6
550
-1000
-154.5
575
-1000
-154.3
600
-1000
-154.2
625
-1000
-154
650
-1000
-153.8
675
-1000
-153.7
700
-1000
-153.5
725
-1000
-153.3
750
-1000
-153.2
775
-1000
-153
800
-1000
-152.8
825
-1000
-152.7
850
-1000
-152.5
875
-1000
-152.4
900
-1000
-152.2
925
-1000
-152
950
-1000
-151.9
975
-1000
-151.7
1000
-1000
-151.5
1025
-1000
-141.4
1050
-1000
-151.2
1075
-1000
-151
Texas Instruments
LMK04828B_VCO0
None
www.national.com
No_Description
0
100
1
ANALOG
-1
0.000001
3072
25
2
0
-1
-1000
-1000
500
-1000
-154.8
525
-1000
-154.6
550
-1000
-154.5
575
-1000
-154.3
600
-1000
-154.2
625
-1000
-154
650
-1000
-153.8
675
-1000
-153.7
700
-1000
-153.5
725
-1000
-153.3
750
-1000
-153.2
775
-1000
-153
800
-1000
-152.8
825
-1000
-152.7
850
-1000
-152.5
875
-1000
-152.4
900
-1000
-152.2
925
-1000
-152
950
-1000
-151.9
975
-1000
-151.7
1000
-1000
-151.5
1025
-1000
-141.4
1050
-1000
-151.2
1075
-1000
-151
Texas Instruments
LMK04828B_VCO1
None
www.national.com
No_Description
0
100
1
ANALOG
-1
0.000001
3072
25
2
0
-1
-1000
-1000
500
-1000
-154.8
525
-1000
-154.6
550
-1000
-154.5
575
-1000
-154.3
600
-1000
-154.2
625
-1000
-154
650
-1000
-153.8
675
-1000
-153.7
700
-1000
-153.5
725
-1000
-153.3
750
-1000
-153.2
775
-1000
-153
800
-1000
-152.8
825
-1000
-152.7
850
-1000
-152.5
875
-1000
-152.4
900
-1000
-152.2
925
-1000
-152
950
-1000
-151.9
975
-1000
-151.7
1000
-1000
-151.5
1025
-1000
-141.4
1050
-1000
-151.2
1075
-1000
-151
Texas Instruments
LMK04816B
None
www.national.com
No_Description
0
100
1
ANALOG
-1
0.000001
2600
25
2
0
-1
-1000
-1000
500
-1000
-154.8
525
-1000
-154.6
550
-1000
-154.5
575
-1000
-154.3
600
-1000
-154.2
625
-1000
-154
650
-1000
-153.8
675
-1000
-153.7
700
-1000
-153.5
725
-1000
-153.3
750
-1000
-153.2
775
-1000
-153
800
-1000
-152.8
825
-1000
-152.7
850
-1000
-152.5
875
-1000
-152.4
900
-1000
-152.2
925
-1000
-152
950
-1000
-151.9
975
-1000
-151.7
1000
-1000
-151.5
1025
-1000
-141.4
1050
-1000
-151.2
1075
-1000
-151
Texas Instruments
LMK04906B
None
www.national.com
No_Description
0
100
1
ANALOG
-1
0.000001
2600
25
2
0
-1
-1000
-1000
500
-1000
-154.8
525
-1000
-154.6
550
-1000
-154.5
575
-1000
-154.3
600
-1000
-154.2
625
-1000
-154
650
-1000
-153.8
675
-1000
-153.7
700
-1000
-153.5
725
-1000
-153.3
750
-1000
-153.2
775
-1000
-153
800
-1000
-152.8
825
-1000
-152.7
850
-1000
-152.5
875
-1000
-152.4
900
-1000
-152.2
925
-1000
-152
950
-1000
-151.9
975
-1000
-151.7
1000
-1000
-151.5
1025
-1000
-141.4
1050
-1000
-151.2
1075
-1000
-151
Texas Instruments
LMK04828A1
None
www.national.com
No_Description
0
100
1
ANALOG
-1
0.000001
3072
25
2
0
-1
-1000
-1000
500
-1000
-154.8
525
-1000
-154.6
550
-1000
-154.5
575
-1000
-154.3
600
-1000
-154.2
625
-1000
-154
650
-1000
-153.8
675
-1000
-153.7
700
-1000
-153.5
725
-1000
-153.3
750
-1000
-153.2
775
-1000
-153
800
-1000
-152.8
825
-1000
-152.7
850
-1000
-152.5
875
-1000
-152.4
900
-1000
-152.2
925
-1000
-152
950
-1000
-151.9
975
-1000
-151.7
1000
-1000
-151.5
1025
-1000
-141.4
1050
-1000
-151.2
1075
-1000
-151
